Testcase
No	Data
 1	48 42
28	27	32 40 37 36	43	28 41 49 33 45 35	37 25 36 48	39	38 38 25 46 40 34 30 32 36 49 30 25 25 37 37 43 39 41	35 37 37 39 33 31 27 27 26 46 49 49 43 41 44 30 41
40 39 -999
 2	49 25	48 36 43 31 26 47 29 27 41	39 39 30 49 46 47 39 45 25 29 37 39 37 42 40 48 34 36 33	31 25 42 32 49	46 47 26 48 32 26 36 31 25 36 44 34 43 41	33 27 46	37 27 45 35 37 38 25 36
49 29 31 42 43 47 30 42 27 27 31 48 48 45 27 35 33 37 28 33 35 36 35 28 41 28 40 31 25 48 36 31 28 -999
 3	40 36 33 30	28 33 41 35	37 32 27 44 33 47 35 39	43	40 39
37	48 49 41
29 47 30 31 40 49 33 42 27 35 40	35 40 41 35	28 46 48 45	26 40 28 43 34	49 30 42 27 45 46 47 44 31 38 41 27 29 37	35 29	36 48 37 40 31 41 49 33 46	46 28 29 27
32 31	28 28	34 43 47 29 43 -999
 4	48 48 36 46 42 41 41 37	43 40	32 27 26 26 30 44 47 40 36 28 40 47	45 39
49 40 32 32	42 32 41 37 29 38 47 46 34 47 36 28 35 27	28 31 30	31 46	31 30	49 35 49 48 28 35 38 32	30 28
26 49 38 48 45 49
28 37	35 40 29 37 31	40 30 32 45 31 43 28	31 41	47 44 38 34 28 40 34 31 47 40	-999
 5	36	45 46 40 43 31 37 36 35 49 27 43 35 36 27 43 38
42 38 30 47 43 37 43 26 47 28 34	25 39 47 31 43 30 36 43 41 43 31 29 34 36	40 45 30 30 46 34 27 30 25 35 30 47 33 40 33 40	49 47 35 25 30 41 31 40	25 37 30 43 46 37	43 42 25 35 44	28 29	30 36 27 33 37 28 -999
 6	39 44 29 39 45 47 37 26 40 40 35 45 45 39 28 31 35 46 38 29 40 40 30 42 34 32	45	43 44 38 39 48 29 27	42 38 38 40 45 45 47 26 30 38 32 29 32	38 40 29 48 28 31 33 44 46 45 41
39 38 47 30 33 49 47 30 36 31 25 44 -999
 7	34 29 42 25 37 44 37 31	35 43 36 25 34 44 26 26 40 47 39 40 43 38 28 26 45 43	33 40 43 47 28 49 41 43 43	27 27 37	41 38
41 37 26 27 35 30 38 45 35 38 45 25 39 38	27 49 26 48 45 33 31 31 44 31 45 41 38 25 47 33 25 44
29 35 33 40 25 47 36 38 33	27 -999
 8	27 40 43 45 33 42 49 28 32 47 45 38 35 35 29 28 44 29 49	30 44	43 38 48 31	36 48	28 29 43 38 34
47 36 26 27 26 45 48	29 32 37 37 45 48 36 42 42	42	40 32 31 30 31 27 47 32	28 40 27 36 43 33 43 49 32 36 37 47 48 42 28 33 34	36 40 40 47 25 -999
 9	25 37 37	29 38
30 43 40 34 48 48 31 42 46 46 45 26 42 35 33 30 26 34 43	48 43 37 40 44 27	39	29	49 44 48	36	48 31 36 35 41 29 28 48 42 48 30 39 27 29	49	31 39 34 47 43 25 39 41 40 26	41 26 37 35 25 30 28 27 49 47 -999
 10	28	39 33 40 45 46 45 48 26 36 26 35 40 46 35	32 43 37 48 37 42 47	28 40 33 45 49	47 37 48 38	42 28 25 26 32 36 39 46 38 25 31
36 27	45 41 32 34 34 33 43 44 41 39 40 29 40 36 34
27 41 48 48 49 33 38 37 34 28 35
49 30 40 32 34 40 41 35 40 48 43 49	26 44 27 -999
 11	41 38
44 40 39 33 28 37 49 27 38 48 27 29	31 33 36 36 35 42 36 43 37 38 34 31 37 34 38 49 32 26 39 41 38 30 43 27 43 41 25 32 44 29 42 28 45 47 44 40 37 32 35 46 47 48 39 37 32 39 47 35 30 34 37 42 45 38 -999
 12	41 35 31 42 48 45 32 41 42 38 47 30 43 39 42 45 42 29 43 25
37
26 29 27 36 47 44 38 46 33 30 39 46 31 36 41 48 41 30	44 25 42 39	41 42 28 48 28 41 42 27 32 42 41 -999
 13	27	39 46	40 36 30 46 40 25 40 48 29 31 38 43 34 34 29 25	28 30 31	29 35 29 46 46 34 46 41 35 29 35 32 31 29	37 44 40	41 34 42 28 33 43 41 40 37 37	26	42 42 30 46 39 34 44 32 45 42 39 32 30 36 43 28	37 46 48 49 29 -999
 14	42 25 49 33 39 45 27 41	42 36 29 28 32 41 45	26 38 37 49 44 36 33 39 36 43	44 32 34 41 28 35 42 31 42 48	30 29 25 26 48 48 29 40 26 33 39 48 38 32 41 40 33 30 31 36 45 47 29 48	37 40 36 42 49 27
25 49 30 41 37 37 33	34 33 38 46 30 43
41 30 34 37	33	41 25 36 45	46	49 34 34 -999
 15	43 25 27 28 48 32 35 38 34 35 25	44 48 49 44 39 45 43 48 39 48
33 30	48 39	34 47 38 38 40 33 40 31 27 47 28	37 25 44 44 31	47 46	32 42 25 25 28 36 26 30 27 32 38 42 32 44 46 26 43 25 34	41 45 43 39 29	37 49 41	43	47 36 38 30 39 41 36 38 35 37 32	38 46 46 31 46 29 35
48 44 42 28 29 45	36 49 43 37 -999
 16	41 25 39 49 49 34 45 47 27 45 43 35 30 27 49 25 49 47 31 32 43 31 42 36 25 35 49 45 33 35	42 25 44	49 25 44 27 41 43 34 39 27
37 26 32 40 27 33 34 36 37 49 27 28 45 37 46 36	-999
 17	39 27 30 36 36	28 40 38 40 37 25 33 40 27
33 28 32 27 38 26
35 43 30 36 35 47
48 31 26 26 37 44 46 42 42	35 48 29 34 46 28 34 29 32 32 32 36 42	25 48 29 41 34 46 26 30 25	29 43 37 31 26 37	31
38 30 42 36 49 27 46 40 25 43 42 -999
 18	45 31 38 40	39 45 39 40 33 34 30 31 29 33 47	31 27 41 40 49 27 33 42 26 34 28 34 36	45 47 28 38 38 46 40 42 38 29 32
30 39 47	47 48 39 25	37	28 37 35 44 40	33 45 48 47 37 38 28 27
44 40 -999
 19	47 43 34 49 38 33 46 29 46 49 30 48 36 35 35 28 49	48 32 44 43 36 30 49	34 39 25 42	48 26 48 29 26 25 40 36 39 31 36 32 40 30 25 37 40
37 43 41 33 33 28 28 48 42 34 25 43 25 36 28 43 27 39	32 49 27 31 28 33 46 45 29 35 48 47 37 36 33 34 40 37 33
46 42 30 30 37 32 35 34 30 26 40 -999
 20	48 38 32 39 33 40 38 34 25 35 46 42 45 25 29
48 43 30 49 28 39 30 41 26 37 39 36 37 39 40 48 41	37 31 43 27 32 37 30 34 31 43	27 45 48 37 39 33 29	27 29 48 41 48 46 33 47	42 25	33 -999